[Directory]
path = C:\Users\punge\OneDrive\Desktop\UR20 Final

[CIX]
file = ORI2013230.CIX

[WorkPiece]
lpx = 158.77
lpy = 304.81
lpz = 19.3

[GlobalSettings]
speed_ms = 0.3
speed_rads = 0.75
accel_mss = 3
accel_radss = 1.2
blend_radius = 0.001

[Reference]
set_reference = [0.612228, -0.525825, 0.000000, 0.000000, 0.000000, 0.000000]
ref_frame = [0.612228, -0.525825, 0.000000, 0.000000, 0.000000, 0.000000]

[ToolOffset]
urzdown = 0.0343
urzup = 0.1193

[Points]
point1 = 9.67,31.0
point2 = 148.62,30.0
point3 = 148.62,190.0
point4 = 9.67,191.0
point5 = 43.32,294.15

